return {
	FOV = {
		[236] = 70,
		[136] = 70,
		[436] = 70,
		[336] = 70,
		[537] = 70,
		[137] = 70,
		[237] = 70,
		[337] = 70,
		[437] = 70,
		[151] = 70,
		[451] = 70,
		[351] = 70,
		[251] = 70,
		[146] = 70,
		[246] = 70,
		[346] = 70,
		[446] = 70,
		[547] = 70,
		[247] = 70,
		[147] = 70,
		[447] = 70,
		[347] = 70,
		[140] = 70,
		[540] = 70,
		[440] = 70,
		[340] = 70,
		[240] = 70,
		[546] = 70,
		[196] = 70,
		[496] = 67.8671875,
		[396] = 70,
		[296] = 70,
		[293] = 70,
		[193] = 70,
		[493] = 68.1090087890625,
		[393] = 70,
		[497] = 67.89154052734375,
		[297] = 70,
		[397] = 70,
		[390] = 70,
		[0] = 70,
		[190] = 70,
		[290] = 70,
		[5] = 70,
		[4] = 70,
		[7] = 70,
		[6] = 70,
		[9] = 70,
		[8] = 70,
		[282] = 70,
		[182] = 70,
		[482] = 71.484375,
		[382] = 70,
		[381] = 70,
		[481] = 70.71624755859375,
		[181] = 70,
		[281] = 70,
		[192] = 70,
		[292] = 70,
		[392] = 70,
		[492] = 67.908203125,
		[173] = 70,
		[473] = 70.65374755859375,
		[373] = 70,
		[273] = 70,
		[491] = 71.742431640625,
		[391] = 70,
		[291] = 70,
		[191] = 70,
		[162] = 70,
		[462] = 70,
		[362] = 70,
		[262] = 70,
		[183] = 70,
		[283] = 70,
		[383] = 70,
		[483] = 71.2930908203125,
		[534] = 70,
		[480] = 70.6650390625,
		[380] = 70,
		[280] = 70,
		[180] = 70,
		[456] = 70,
		[172] = 70,
		[256] = 70,
		[156] = 70,
		[472] = 70.4755859375,
		[272] = 70,
		[372] = 70,
		[357] = 70,
		[457] = 70,
		[153] = 70,
		[257] = 70,
		[353] = 70,
		[253] = 70,
		[453] = 70,
		[366] = 70,
		[466] = 67.9140625,
		[166] = 70,
		[266] = 70,
		[342] = 70,
		[242] = 70,
		[542] = 70,
		[442] = 70,
		[467] = 67.904296875,
		[367] = 70,
		[267] = 70,
		[167] = 70,
		[463] = 70,
		[263] = 70,
		[363] = 70,
		[254] = 70,
		[154] = 70,
		[454] = 70,
		[354] = 70,
		[155] = 70,
		[255] = 70,
		[355] = 70,
		[455] = 70,
		[164] = 70,
		[264] = 70,
		[364] = 70,
		[464] = 70,
		[265] = 70,
		[165] = 70,
		[465] = 68.95703125,
		[365] = 70,
		[544] = 70,
		[118] = 70,
		[334] = 70,
		[234] = 70,
		[134] = 70,
		[535] = 70,
		[335] = 70,
		[435] = 70,
		[135] = 70,
		[235] = 70,
		[344] = 70,
		[444] = 70,
		[144] = 70,
		[244] = 70,
		[509] = 70,
		[545] = 70,
		[109] = 70,
		[209] = 70,
		[245] = 70,
		[145] = 70,
		[508] = 70,
		[194] = 70,
		[394] = 70,
		[294] = 70,
		[494] = 71.12109375,
		[219] = 70,
		[119] = 70,
		[419] = 70,
		[195] = 70,
		[295] = 70,
		[395] = 70,
		[495] = 70.917724609375,
		[518] = 70,
		[208] = 70,
		[108] = 70,
		[408] = 70,
		[308] = 70,
		[174] = 70,
		[474] = 73.326171875,
		[374] = 70,
		[274] = 70,
		[175] = 70,
		[475] = 73.36376953125,
		[275] = 70,
		[375] = 70,
		[184] = 70,
		[484] = 68.423828125,
		[284] = 70,
		[384] = 70,
		[185] = 70,
		[485] = 68.65606689453125,
		[385] = 70,
		[285] = 70,
		[53] = 70,
		[43] = 70,
		[73] = 70,
		[63] = 70,
		[93] = 70,
		[83] = 70,
		[159] = 70,
		[359] = 70,
		[259] = 70,
		[459] = 70,
		[238] = 70,
		[338] = 70,
		[138] = 70,
		[13] = 70,
		[438] = 70,
		[23] = 70,
		[42] = 70,
		[52] = 70,
		[62] = 70,
		[72] = 70,
		[82] = 70,
		[92] = 70,
		[229] = 70,
		[329] = 70,
		[129] = 70,
		[429] = 70,
		[529] = 70,
		[148] = 70,
		[348] = 70,
		[248] = 70,
		[548] = 70,
		[448] = 70,
		[22] = 70,
		[32] = 70,
		[339] = 70,
		[239] = 70,
		[139] = 70,
		[539] = 70,
		[439] = 70,
		[398] = 70,
		[498] = 68.2568359375,
		[198] = 70,
		[298] = 70,
		[389] = 70,
		[489] = 70.29791259765625,
		[189] = 70,
		[289] = 70,
		[328] = 70,
		[228] = 70,
		[128] = 70,
		[528] = 70,
		[428] = 70,
		[87] = 70,
		[77] = 70,
		[97] = 70,
		[47] = 70,
		[37] = 70,
		[67] = 70,
		[57] = 70,
		[499] = 68.13055419921875,
		[399] = 70,
		[215] = 70,
		[315] = 70,
		[415] = 70,
		[515] = 70,
		[299] = 70,
		[199] = 70,
		[114] = 70,
		[314] = 70,
		[214] = 70,
		[178] = 70,
		[414] = 70,
		[76] = 70,
		[86] = 70,
		[96] = 70,
		[207] = 70,
		[36] = 70,
		[46] = 70,
		[56] = 70,
		[66] = 70,
		[106] = 70,
		[206] = 70,
		[306] = 70,
		[406] = 70,
		[506] = 70,
		[125] = 70,
		[325] = 70,
		[225] = 70,
		[169] = 70,
		[425] = 70,
		[488] = 70.1845703125,
		[124] = 70,
		[224] = 70,
		[324] = 70,
		[424] = 70,
		[524] = 70,
		[288] = 70,
		[188] = 70,
		[71] = 70,
		[61] = 70,
		[51] = 70,
		[41] = 70,
		[91] = 70,
		[81] = 70,
		[479] = 66.889404296875,
		[379] = 70,
		[279] = 70,
		[179] = 70,
		[31] = 70,
		[21] = 70,
		[11] = 70,
		[60] = 70,
		[70] = 70,
		[40] = 70,
		[50] = 70,
		[80] = 70,
		[90] = 70,
		[305] = 70,
		[205] = 70,
		[105] = 70,
		[505] = 69.28863525390625,
		[405] = 70,
		[204] = 70,
		[304] = 70,
		[468] = 67.7578125,
		[368] = 70,
		[268] = 70,
		[168] = 70,
		[404] = 70,
		[10] = 70,
		[533] = 70,
		[433] = 70,
		[333] = 70,
		[252] = 70,
		[133] = 70,
		[452] = 70,
		[369] = 70,
		[549] = 70,
		[517] = 70,
		[330] = 70,
		[430] = 70,
		[530] = 70,
		[260] = 70,
		[538] = 70,
		[536] = 70,
		[130] = 70,
		[230] = 70,
		[532] = 70,
		[450] = 70,
		[527] = 70,
		[526] = 70,
		[525] = 70,
		[523] = 70,
		[519] = 70,
		[33] = 70,
		[407] = 70,
		[522] = 70,
		[422] = 70,
		[322] = 70,
		[243] = 70,
		[122] = 70,
		[443] = 70,
		[543] = 70,
		[321] = 70,
		[421] = 70,
		[521] = 70,
		[514] = 70,
		[513] = 70,
		[418] = 70,
		[121] = 70,
		[221] = 70,
		[270] = 70,
		[510] = 70,
		[507] = 70,
		[445] = 70,
		[317] = 70,
		[504] = 69.2412109375,
		[502] = 68.87109375,
		[1] = 70,
		[217] = 70,
		[95] = 70,
		[85] = 70,
		[117] = 70,
		[65] = 70,
		[55] = 70,
		[45] = 70,
		[35] = 70,
		[316] = 70,
		[216] = 70,
		[332] = 70,
		[432] = 70,
		[132] = 70,
		[232] = 70,
		[516] = 70,
		[416] = 70,
		[431] = 70,
		[331] = 70,
		[258] = 70,
		[531] = 70,
		[486] = 72.1396484375,
		[478] = 66.6376953125,
		[231] = 70,
		[131] = 70,
		[25] = 70,
		[15] = 70,
		[310] = 70,
		[410] = 70,
		[110] = 70,
		[210] = 70,
		[157] = 70,
		[12] = 70,
		[327] = 70,
		[227] = 70,
		[323] = 70,
		[84] = 70,
		[54] = 70,
		[64] = 70,
		[34] = 70,
		[44] = 70,
		[226] = 70,
		[326] = 70,
		[490] = 71.998046875,
		[126] = 70,
		[356] = 70,
		[197] = 70,
		[202] = 70,
		[102] = 70,
		[501] = 66.4010009765625,
		[2] = 70,
		[301] = 70,
		[401] = 70,
		[101] = 70,
		[201] = 70,
		[477] = 73.47210693359375,
		[318] = 70,
		[14] = 70,
		[24] = 70,
		[75] = 70,
		[520] = 70,
		[213] = 70,
		[309] = 70,
		[220] = 70,
		[120] = 70,
		[469] = 67.79486083984375,
		[458] = 70,
		[176] = 70,
		[307] = 70,
		[376] = 70,
		[276] = 70,
		[361] = 70,
		[476] = 73.927734375,
		[312] = 70,
		[412] = 70,
		[512] = 70,
		[177] = 70,
		[277] = 70,
		[377] = 70,
		[112] = 70,
		[212] = 70,
		[300] = 70,
		[511] = 70,
		[411] = 70,
		[170] = 70,
		[211] = 70,
		[111] = 70,
		[470] = 68.3505859375,
		[434] = 70,
		[388] = 70,
		[345] = 70,
		[115] = 70,
		[449] = 70,
		[27] = 70,
		[17] = 70,
		[278] = 70,
		[107] = 70,
		[303] = 70,
		[403] = 70,
		[503] = 68.89422607421875,
		[186] = 70,
		[286] = 70,
		[386] = 70,
		[103] = 70,
		[203] = 70,
		[352] = 70,
		[269] = 70,
		[187] = 70,
		[16] = 70,
		[387] = 70,
		[287] = 70,
		[26] = 70,
		[487] = 72.0174560546875,
		[223] = 70,
		[427] = 70,
		[426] = 70,
		[423] = 70,
		[420] = 70,
		[163] = 70,
		[417] = 70,
		[343] = 70,
		[413] = 70,
		[500] = 66.236328125,
		[400] = 70,
		[161] = 70,
		[200] = 70,
		[100] = 70,
		[461] = 70,
		[104] = 70,
		[20] = 70,
		[30] = 70,
		[409] = 70,
		[152] = 70,
		[233] = 70,
		[402] = 70,
		[378] = 70,
		[313] = 70,
		[59] = 70,
		[49] = 70,
		[39] = 70,
		[29] = 70,
		[99] = 70,
		[89] = 70,
		[79] = 70,
		[69] = 70,
		[320] = 70,
		[150] = 70,
		[74] = 70,
		[370] = 70,
		[19] = 70,
		[550] = 70,
		[250] = 70,
		[350] = 70,
		[143] = 70,
		[158] = 70,
		[171] = 70,
		[358] = 70,
		[371] = 70,
		[271] = 70,
		[222] = 70,
		[471] = 68.4833984375,
		[113] = 70,
		[116] = 70,
		[218] = 70,
		[249] = 70,
		[94] = 70,
		[127] = 70,
		[123] = 70,
		[302] = 70,
		[48] = 70,
		[58] = 70,
		[28] = 70,
		[38] = 70,
		[88] = 70,
		[98] = 70,
		[68] = 70,
		[78] = 70,
		[319] = 70,
		[149] = 70,
		[160] = 70,
		[349] = 70,
		[360] = 70,
		[18] = 70,
		[311] = 70,
		[460] = 70,
		[3] = 70,
		[141] = 70,
		[142] = 70,
		[261] = 70,
		[441] = 70,
		[541] = 70,
		[241] = 70,
		[341] = 70,
	},
	Frames = {
		[236] = CFrame.new(3.442917,-2.704628,-6.478806,-0.669413,0.203690,0.714421,0.000012,0.961680,-0.274176,-0.742891,-0.183529,-0.643763),
		[136] = CFrame.new(-5.164108,-0.526577,0.970337,0.483795,0.085610,-0.870984,-0.124012,0.991868,0.028609,0.866350,0.094171,0.490478),
		[436] = CFrame.new(3.682198,-1.492918,-3.347076,-0.297640,0.131422,0.945589,-0.456962,0.850031,-0.261978,-0.838210,-0.510073,-0.192949),
		[336] = CFrame.new(-4.534317,7.771398,-0.419937,0.462157,0.222997,-0.858303,0.113140,0.945130,0.306477,0.879551,-0.238749,0.411568),
		[537] = CFrame.new(17.232201,-2.314499,-10.103561,-0.362474,0.083098,0.928282,0.000036,0.996018,-0.089148,-0.931994,-0.032280,-0.361034),
		[137] = CFrame.new(-5.153885,-0.519263,0.988663,0.487298,0.081298,-0.869443,-0.116819,0.992776,0.027357,0.865387,0.088236,0.493275),
		[237] = CFrame.new(3.442917,-2.704628,-6.478806,-0.669413,0.203690,0.714421,0.000012,0.961680,-0.274176,-0.742891,-0.183529,-0.643763),
		[337] = CFrame.new(-4.506668,7.966736,-0.149704,0.499490,0.237280,-0.833191,0.120721,0.933312,0.338164,0.857867,-0.269494,0.437535),
		[437] = CFrame.new(3.674606,-1.540840,-3.337234,-0.301150,0.136916,0.943696,-0.460215,0.845887,-0.269588,-0.835171,-0.515490,-0.191728),
		[151] = CFrame.new(-4.880554,-0.175501,1.636444,0.681507,-0.184026,-0.708295,0.313971,0.947789,0.055847,0.661037,-0.260444,0.703704),
		[451] = CFrame.new(3.568352,-2.211750,-3.199570,-0.351179,0.210879,0.912252,-0.501743,0.780221,-0.373508,-0.790523,-0.588884,-0.168190),
		[351] = CFrame.new(0.194916,9.498692,1.884689,0.994277,-0.074530,0.076535,0.006238,0.755708,0.654880,-0.106647,-0.650654,0.751848),
		[251] = CFrame.new(3.492950,1.957106,-5.540192,-0.495229,0.129234,0.859096,-0.009901,0.987970,-0.154328,-0.868706,-0.084934,-0.487992),
		[146] = CFrame.new(-4.765579,-0.175501,1.755203,0.671406,-0.155918,-0.724503,0.283258,0.957380,0.056464,0.684821,-0.243131,0.686955),
		[246] = CFrame.new(3.442917,-2.704628,-6.478806,-0.669413,0.203690,0.714421,0.000012,0.961680,-0.274176,-0.742891,-0.183529,-0.643763),
		[346] = CFrame.new(-2.358841,8.827505,2.038147,0.897316,0.248921,-0.364504,0.026322,0.794163,0.607135,0.440604,-0.554386,0.706063),
		[446] = CFrame.new(3.606300,-1.972139,-3.248734,-0.332916,0.185212,0.924588,-0.487877,0.805248,-0.336975,-0.806934,-0.563270,-0.177719),
		[547] = CFrame.new(17.232201,-2.314499,-10.103561,-0.362474,0.083098,0.928282,0.000036,0.996018,-0.089148,-0.931994,-0.032280,-0.361034),
		[247] = CFrame.new(3.442917,-2.704628,-6.478806,-0.669413,0.203690,0.714421,0.000012,0.961680,-0.274176,-0.742891,-0.183529,-0.643763),
		[147] = CFrame.new(-4.788574,-0.175501,1.731445,0.673596,-0.161518,-0.721236,0.289391,0.955555,0.056282,0.680090,-0.246630,0.690400),
		[447] = CFrame.new(3.598709,-2.020061,-3.238907,-0.336525,0.190392,0.922227,-0.490757,0.800378,-0.344316,-0.803685,-0.568460,-0.175911),
		[347] = CFrame.new(-2.014694,8.873298,2.267670,0.927440,0.235308,-0.290664,-0.000031,0.777283,0.629151,0.373972,-0.583491,0.720891),
		[140] = CFrame.new(-4.837097,-0.292527,1.556915,0.618586,-0.046673,-0.784330,0.138757,0.989034,0.050581,0.773368,-0.140120,0.618278),
		[540] = CFrame.new(17.232201,-2.314499,-10.103561,-0.362474,0.083098,0.928282,0.000036,0.996018,-0.089148,-0.931994,-0.032280,-0.361034),
		[440] = CFrame.new(3.651840,-1.684607,-3.307739,-0.311523,0.153368,0.937780,-0.469863,0.832938,-0.292306,-0.825944,-0.531688,-0.187417),
		[340] = CFrame.new(-4.423752,8.552748,0.660980,0.606762,0.270925,-0.747288,0.134503,0.891572,0.432444,0.783421,-0.362903,0.504532),
		[240] = CFrame.new(3.442917,-2.704628,-6.478806,-0.669413,0.203690,0.714421,0.000012,0.961680,-0.274176,-0.742891,-0.183529,-0.643763),
		[546] = CFrame.new(17.232201,-2.314499,-10.103561,-0.362474,0.083098,0.928282,0.000036,0.996018,-0.089148,-0.931994,-0.032280,-0.361034),
		[196] = CFrame.new(3.716301,-2.722793,-6.055344,-0.630836,0.220479,0.743932,0.001095,0.959031,-0.283299,-0.775915,-0.177901,-0.605233),
		[496] = CFrame.new(16.237587,-2.218998,-9.716766,-0.340665,0.078396,0.936911,0.021776,0.996908,-0.075498,-0.939933,-0.005317,-0.341319),
		[396] = CFrame.new(3.985779,0.423965,-3.740417,-0.180814,-0.108860,0.977474,-0.293868,0.954434,0.051934,-0.938588,-0.277858,-0.204566),
		[296] = CFrame.new(2.670227,5.767088,-6.867386,-0.658158,0.035640,0.752036,0.000034,0.998880,-0.047309,-0.752880,-0.031111,-0.657423),
		[293] = CFrame.new(2.725166,5.767089,-6.804276,-0.655009,0.035784,0.754773,0.000014,0.998879,-0.047345,-0.755621,-0.031001,-0.654275),
		[197] = CFrame.new(3.647957,-2.718252,-6.161209,-0.640664,0.216286,0.736730,0.000883,0.959713,-0.280980,-0.767821,-0.179363,-0.615044),
		[493] = CFrame.new(15.852180,-2.181991,-9.566895,-0.378338,0.065888,0.923320,0.000285,0.997472,-0.071062,-0.925667,-0.026622,-0.377400),
		[393] = CFrame.new(4.008545,0.567732,-3.769928,-0.173941,-0.127908,0.976414,-0.279537,0.957155,0.075588,-0.944248,-0.259795,-0.202244),
		[497] = CFrame.new(16.250023,-2.220192,-9.721603,-0.342897,0.079990,0.935961,0.021393,0.996774,-0.077350,-0.939129,-0.006500,-0.343502),
		[297] = CFrame.new(2.651909,5.767088,-6.888428,-0.659230,0.035575,0.751100,-0.000047,0.998878,-0.047352,-0.751942,-0.031251,-0.658488),
		[397] = CFrame.new(3.978188,0.376043,-3.730591,-0.183185,-0.102472,0.977723,-0.298577,0.953372,0.043979,-0.936640,-0.283869,-0.205239),
		[390] = CFrame.new(4.013779,3.625530,-2.869781,-0.046993,-0.298776,0.953166,-0.224597,0.932947,0.281365,-0.973318,-0.200856,-0.110946),
		[0] = CFrame.new(-3.799011,-0.276318,-4.396759,-0.761466,-0.013601,-0.648062,-0.000008,0.999780,-0.020973,0.648204,-0.015965,-0.761299),
		[190] = CFrame.new(4.126389,-2.750041,-5.420151,-0.570029,0.244980,0.784252,0.001845,0.954893,-0.296943,-0.821623,-0.167820,-0.544769),
		[2] = CFrame.new(-3.716949,-0.422610,-4.872040,-0.751634,-0.017079,-0.659359,-0.000046,0.999666,-0.025842,0.659581,-0.019394,-0.751384),
		[5] = CFrame.new(-3.626572,-0.583710,-5.395432,-0.740542,-0.020913,-0.671685,-0.000022,0.999516,-0.031096,0.672010,-0.023013,-0.740184),
		[4] = CFrame.new(-3.652664,-0.537209,-5.244354,-0.743772,-0.019799,-0.668141,-0.000027,0.999562,-0.029590,0.668434,-0.021990,-0.743447),
		[7] = CFrame.new(-3.585297,-0.657291,-5.634476,-0.735471,-0.022668,-0.677178,-0.000005,0.999440,-0.033450,0.677557,-0.024598,-0.735059),
		[6] = CFrame.new(-3.604202,-0.623593,-5.524994,-0.737793,-0.021880,-0.674672,-0.000004,0.999475,-0.032409,0.675027,-0.023909,-0.737406),
		[9] = CFrame.new(-3.556915,-0.707875,-5.798813,-0.731935,-0.023943,-0.680955,0.000008,0.999382,-0.035148,0.681375,-0.025732,-0.731482),
		[8] = CFrame.new(-3.569611,-0.685241,-5.725281,-0.733515,-0.023420,-0.679269,-0.000043,0.999408,-0.034411,0.679673,-0.025212,-0.733082),
		[282] = CFrame.new(3.225121,5.963283,-5.696289,-0.476206,0.032668,0.878727,-0.000636,0.999297,-0.037494,-0.879333,-0.018414,-0.475850),
		[182] = CFrame.new(4.673164,-2.786371,-4.573227,-0.483798,0.276337,0.830408,0.001126,0.949039,-0.315157,-0.875179,-0.151537,-0.459454),
		[482] = CFrame.new(14.845131,-2.085296,-9.175262,-0.335185,0.104338,0.936358,-0.021156,0.992765,-0.118196,-0.941915,-0.059427,-0.330552),
		[382] = CFrame.new(3.803276,11.008670,-0.415756,0.243292,-0.666103,0.705064,0.000260,0.726950,0.686690,-0.969953,-0.166883,0.177035),
		[381] = CFrame.new(3.735069,10.961486,-0.356049,0.255312,-0.663495,0.703271,0.000336,0.727438,0.686173,-0.966859,-0.174952,0.185947),
		[481] = CFrame.new(14.658646,-2.067389,-9.102753,-0.377638,0.110663,0.919317,0.016409,0.993477,-0.112850,-0.925808,-0.027531,-0.376990),
		[181] = CFrame.new(4.741508,-2.790913,-4.467361,-0.472653,0.280078,0.835557,0.000816,0.948290,-0.317404,-0.881248,-0.149340,-0.448441),
		[281] = CFrame.new(3.303131,6.002521,-5.499939,-0.438909,0.031685,0.897973,-0.000499,0.999369,-0.035506,-0.898531,-0.016032,-0.438617),
		[192] = CFrame.new(3.989693,-2.740958,-5.631882,-0.590660,0.236932,0.771352,0.001697,0.956284,-0.292436,-0.806919,-0.171421,-0.565241),
		[292] = CFrame.new(2.743484,5.767089,-6.783234,-0.653933,0.035806,0.755704,-0.000020,0.998879,-0.047345,-0.756552,-0.030976,-0.653199),
		[392] = CFrame.new(4.016136,0.615654,-3.779755,-0.171686,-0.134272,0.975959,-0.274677,0.957907,0.083468,-0.946085,-0.253743,-0.201341),
		[492] = CFrame.new(15.839745,-2.180797,-9.562057,-0.378893,0.064738,0.923174,-0.001704,0.997500,-0.070650,-0.925439,-0.028342,-0.377836),
		[173] = CFrame.new(2.854813,-2.049772,0.100967,0.428088,0.228263,0.874435,-0.046612,0.971866,-0.230877,-0.902534,0.058076,0.426684),
		[473] = CFrame.new(13.862961,-1.990988,-8.793320,-0.389094,0.065385,0.918875,-0.013780,0.996953,-0.076776,-0.921095,-0.042535,-0.387007),
		[373] = CFrame.new(3.189453,10.584015,0.121536,0.349626,-0.639084,0.685079,0.000545,0.731366,0.681985,-0.936889,-0.238067,0.256053),
		[273] = CFrame.new(3.476273,5.930375,-5.042206,-0.359109,0.036557,0.932579,0.000012,0.999233,-0.039165,-0.933296,-0.014053,-0.358834),
		[491] = CFrame.new(15.653259,-2.162891,-9.489532,-0.359342,0.083013,0.929506,-0.030875,0.994433,-0.100748,-0.932695,-0.064901,-0.354779),
		[391] = CFrame.new(4.014954,2.120592,-3.324768,-0.108382,-0.216625,0.970220,-0.252916,0.949864,0.183827,-0.961398,-0.225461,-0.157736),
		[291] = CFrame.new(2.761803,5.767090,-6.762192,-0.652856,0.035828,0.756635,-0.000054,0.998879,-0.047345,-0.757483,-0.030950,-0.652122),
		[191] = CFrame.new(4.058037,-2.745500,-5.526016,-0.580414,0.240943,0.777860,0.001731,0.955588,-0.294702,-0.814319,-0.169702,-0.555054),
		[162] = CFrame.new(-5.133514,-0.175501,1.375198,0.698997,-0.246593,-0.671264,0.380417,0.923054,0.057044,0.605546,-0.295234,0.739020),
		[462] = CFrame.new(10.939980,-2.022292,-7.297089,-0.310285,0.180484,0.933354,-0.013821,0.980852,-0.194264,-0.950543,-0.073177,-0.301849),
		[362] = CFrame.new(2.434616,10.096128,0.816177,0.522082,-0.576942,0.628147,0.000150,0.736550,0.676383,-0.852895,-0.353034,0.384626),
		[262] = CFrame.new(3.507652,5.654236,-4.922958,-0.353317,0.049623,0.934187,0.000065,0.998593,-0.053020,-0.935504,-0.018673,-0.352824),
		[183] = CFrame.new(4.604813,-2.781830,-4.679092,-0.494837,0.272508,0.825152,0.001325,0.949793,-0.312876,-0.868985,-0.153730,-0.470354),
		[283] = CFrame.new(3.147110,5.924045,-5.892639,-0.512561,0.033565,0.857995,-0.000691,0.999219,-0.039503,-0.858651,-0.020841,-0.512137),
		[383] = CFrame.new(3.871475,11.055853,-0.475449,0.231315,-0.668530,0.706796,0.000193,0.726531,0.687134,-0.972879,-0.158808,0.168187),
		[483] = CFrame.new(14.857567,-2.086490,-9.180099,-0.335988,0.104221,0.936082,-0.021296,0.992764,-0.118176,-0.941625,-0.059641,-0.331338),
		[534] = CFrame.new(17.232201,-2.314499,-10.103561,-0.362474,0.083098,0.928282,0.000036,0.996018,-0.089148,-0.931994,-0.032280,-0.361034),
		[480] = CFrame.new(14.646210,-2.066195,-9.097916,-0.380479,0.111141,0.918087,0.018934,0.993480,-0.112421,-0.924596,-0.025390,-0.380102),
		[380] = CFrame.new(3.666870,10.914302,-0.296356,0.267273,-0.660716,0.701441,0.000378,0.727994,0.685583,-0.963621,-0.182973,0.194823),
		[280] = CFrame.new(3.381142,6.041759,-5.303604,-0.400896,0.030616,0.915612,-0.000278,0.999437,-0.033541,-0.916124,-0.013701,-0.400662),
		[180] = CFrame.new(4.809853,-2.795454,-4.361496,-0.461374,0.283834,0.840579,0.000586,0.947542,-0.319630,-0.887206,-0.146976,-0.437338),
		[456] = CFrame.new(4.595421,-2.348989,-3.751221,-0.367895,0.184633,0.911353,-0.530627,0.763159,-0.368813,-0.763602,-0.619273,-0.182791),
		[172] = CFrame.new(2.436462,-1.898819,0.951111,0.582685,0.195672,0.788790,-0.044688,0.976829,-0.209306,-0.811468,0.086710,0.577928),
		[256] = CFrame.new(3.524765,5.503613,-4.857910,-0.350230,0.056685,0.934947,0.000030,0.998168,-0.060507,-0.936664,-0.021163,-0.349590),
		[156] = CFrame.new(-4.995544,-0.175501,1.517700,0.690227,-0.212425,-0.691710,0.344448,0.937139,0.055914,0.636351,-0.276852,0.720007),
		[472] = CFrame.new(13.850525,-1.989794,-8.788483,-0.391577,0.062168,0.918043,-0.016271,0.997091,-0.074461,-0.920002,-0.044095,-0.389426),
		[272] = CFrame.new(3.479118,5.905272,-5.031372,-0.358603,0.037787,0.932725,0.000056,0.999181,-0.040457,-0.933490,-0.014456,-0.358312),
		[372] = CFrame.new(3.121254,10.536831,0.181229,0.361199,-0.635558,0.682349,0.000542,0.731894,0.681418,-0.932489,-0.245758,0.264704),
		[357] = CFrame.new(2.070557,10.015883,1.304474,0.777817,-0.424136,0.463798,0.000306,0.738211,0.674570,-0.628490,-0.524550,0.574323),
		[457] = CFrame.new(5.652847,-2.294539,-4.342194,-0.368517,0.138110,0.919305,-0.549320,0.765435,-0.335197,-0.749962,-0.628518,-0.206209),
		[153] = CFrame.new(-4.926559,-0.175501,1.588943,0.685170,-0.195407,-0.701682,0.326234,0.943643,0.055768,0.651240,-0.267123,0.710304),
		[257] = CFrame.new(3.521912,5.528717,-4.868744,-0.350748,0.055452,0.934827,-0.000001,0.998245,-0.059215,-0.936470,-0.020771,-0.350133),
		[353] = CFrame.new(1.299713,9.811389,1.693192,0.938723,-0.232220,0.254702,0.003078,0.744587,0.667519,-0.344659,-0.625831,0.699675),
		[253] = CFrame.new(3.517967,4.287973,-5.070877,-0.398910,0.083673,0.913165,-0.004929,0.995618,-0.093381,-0.916977,-0.041752,-0.396750),
		[453] = CFrame.new(3.553177,-2.307594,-3.179901,-0.358584,0.220861,0.906994,-0.506958,0.769771,-0.387874,-0.783843,-0.598894,-0.164060),
		[366] = CFrame.new(2.712036,10.253728,0.539429,0.429377,-0.612666,0.663532,0.000267,0.734793,0.678291,-0.903125,-0.291065,0.315667),
		[466] = CFrame.new(13.253754,-1.932494,-8.556412,-0.333890,0.065504,0.940333,0.032470,0.997790,-0.057977,-0.942053,0.011175,-0.335279),
		[166] = CFrame.new(-1.604752,-0.847205,3.151596,0.980211,-0.134902,-0.144870,0.134461,0.990835,-0.012873,0.145279,-0.006861,0.989367),
		[266] = CFrame.new(3.496239,5.754650,-4.966324,-0.355461,0.044838,0.933615,0.000061,0.998850,-0.047948,-0.934691,-0.016986,-0.355055),
		[342] = CFrame.new(-3.735443,8.644334,1.120041,0.722448,0.275270,-0.634267,0.108848,0.860616,0.497486,0.682804,-0.428447,0.591787),
		[242] = CFrame.new(3.442917,-2.704628,-6.478806,-0.669413,0.203690,0.714421,0.000012,0.961680,-0.274176,-0.742891,-0.183529,-0.643763),
		[542] = CFrame.new(17.232201,-2.314499,-10.103561,-0.362474,0.083098,0.928282,0.000036,0.996018,-0.089148,-0.931994,-0.032280,-0.361034),
		[442] = CFrame.new(3.636658,-1.780451,-3.288071,-0.318556,0.164101,0.933592,-0.476045,0.823994,-0.307270,-0.819697,-0.542314,-0.184369),
		[467] = CFrame.new(13.266190,-1.933687,-8.561249,-0.334592,0.066730,0.939998,0.031127,0.997728,-0.059748,-0.941849,0.009269,-0.335909),
		[367] = CFrame.new(2.780243,10.300912,0.479721,0.418143,-0.616732,0.666932,0.000342,0.734305,0.678820,-0.908381,-0.283616,0.307256),
		[267] = CFrame.new(3.493385,5.779754,-4.977158,-0.355969,0.043678,0.933476,0.000094,0.998909,-0.046704,-0.934498,-0.016538,-0.355585),
		[167] = CFrame.new(-0.420837,-1.071106,3.751648,0.997299,-0.058621,0.044250,0.061558,0.995770,-0.068217,-0.040064,0.070756,0.996689),
		[463] = CFrame.new(11.072159,-2.015486,-7.370956,-0.313545,0.174390,0.933423,-0.012747,0.982130,-0.187772,-0.949488,-0.070773,-0.305719),
		[263] = CFrame.new(3.504799,5.679339,-4.933792,-0.353831,0.048392,0.934057,0.000029,0.998661,-0.051728,-0.935309,-0.018276,-0.353359),
		[363] = CFrame.new(2.507431,10.112177,0.718521,0.462619,-0.599919,0.652749,-0.000016,0.736268,0.676690,-0.886557,-0.313060,0.340602),
		[254] = CFrame.new(3.530472,5.453406,-4.836227,-0.349194,0.059081,0.935186,0.000020,0.998011,-0.063042,-0.937050,-0.021995,-0.348501),
		[154] = CFrame.new(-4.949554,-0.175501,1.565201,0.686919,-0.201072,-0.698364,0.332314,0.941517,0.055788,0.646305,-0.270398,0.713565),
		[454] = CFrame.new(3.545586,-2.355516,-3.170059,-0.362422,0.225799,0.904248,-0.509455,0.764441,-0.395077,-0.780452,-0.603859,-0.162016),
		[354] = CFrame.new(1.852119,9.967737,1.597443,0.889565,-0.307649,0.337678,0.000005,0.739218,0.673466,-0.456809,-0.599090,0.657584),
		[155] = CFrame.new(-4.972549,-0.175501,1.541443,0.688604,-0.206744,-0.695040,0.338386,0.939349,0.055837,0.641342,-0.273641,0.716799),
		[255] = CFrame.new(3.527618,5.478510,-4.847061,-0.349714,0.057847,0.935069,-0.000010,0.998092,-0.061750,-0.936856,-0.021604,-0.349046),
		[355] = CFrame.new(1.924934,9.983786,1.499786,0.856260,-0.348172,0.381569,0.000155,0.738867,0.673851,-0.516545,-0.576933,0.632716),
		[455] = CFrame.new(3.537994,-2.403438,-3.160233,-0.366136,0.230683,0.901515,-0.512009,0.759019,-0.402165,-0.777040,-0.608831,-0.159792),
		[164] = CFrame.new(-3.972595,-0.399402,1.951492,0.828266,-0.233961,-0.509154,0.300611,0.952361,0.051400,0.472872,-0.195630,0.859139),
		[264] = CFrame.new(3.501945,5.704443,-4.944641,-0.354440,0.047230,0.933885,0.000066,0.998725,-0.050484,-0.935079,-0.017832,-0.353991),
		[364] = CFrame.new(2.575630,10.159361,0.658829,0.451600,-0.604291,0.656422,0.000120,0.735758,0.677244,-0.892221,-0.305764,0.332341),
		[464] = CFrame.new(13.054832,-1.913393,-8.479050,-0.362474,0.083098,0.928282,0.000036,0.996018,-0.089148,-0.931994,-0.032280,-0.361034),
		[265] = CFrame.new(3.499092,5.729547,-4.955475,-0.354952,0.045998,0.933752,0.000029,0.998789,-0.049191,-0.934885,-0.017434,-0.354523),
		[165] = CFrame.new(-2.788681,-0.623303,2.551544,0.922995,-0.194249,-0.332186,0.215381,0.976139,0.027641,0.318891,-0.097059,0.942809),
		[465] = CFrame.new(13.154297,-1.922943,-8.517731,-0.348124,0.074406,0.934491,0.016124,0.997173,-0.073390,-0.937310,-0.010481,-0.348340),
		[365] = CFrame.new(2.643837,10.206545,0.599121,0.440501,-0.608537,0.660032,0.000165,0.735260,0.677786,-0.897752,-0.298457,0.323983),
		[544] = CFrame.new(17.232201,-2.314499,-10.103561,-0.362474,0.083098,0.928282,0.000036,0.996018,-0.089148,-0.931994,-0.032280,-0.361034),
		[118] = CFrame.new(-5.516266,-0.593470,0.274628,0.277500,0.178165,-0.944061,-0.370594,0.926453,0.065908,0.886371,0.331574,0.323118),
		[334] = CFrame.new(-4.589584,7.380723,-0.960388,0.385766,0.189852,-0.902851,0.093720,0.965472,0.243064,0.917824,-0.178381,0.354654),
		[318] = CFrame.new(-4.780014,6.741553,-3.286163,0.067463,0.143883,-0.987292,0.114617,0.981878,0.150926,0.991116,-0.123343,0.049749),
		[134] = CFrame.new(-5.327621,-0.643602,0.677048,0.371809,0.127742,-0.919478,-0.271631,0.962106,0.023825,0.887679,0.240901,0.392418),
		[535] = CFrame.new(17.232201,-2.314499,-10.103561,-0.362474,0.083098,0.928282,0.000036,0.996018,-0.089148,-0.931994,-0.032280,-0.361034),
		[335] = CFrame.new(-4.561951,7.576060,-0.690170,0.424192,0.207165,-0.881558,0.104124,0.955867,0.274731,0.899566,-0.208330,0.383900),
		[435] = CFrame.new(3.689789,-1.444996,-3.356903,-0.294341,0.125863,0.947376,-0.453539,0.854160,-0.254389,-0.841229,-0.504549,-0.194330),
		[135] = CFrame.new(-5.317398,-0.636288,0.695374,0.379138,0.125671,-0.916767,-0.262590,0.964618,0.023634,0.887300,0.231773,0.398723),
		[235] = CFrame.new(3.442917,-2.704628,-6.478806,-0.669413,0.203690,0.714421,0.000012,0.961680,-0.274176,-0.742891,-0.183529,-0.643763),
		[344] = CFrame.new(-3.047150,8.735919,1.579086,0.820169,0.267912,-0.505516,0.072459,0.827824,0.556289,0.567515,-0.492880,0.659543),
		[444] = CFrame.new(3.621483,-1.876295,-3.268402,-0.325649,0.174723,0.929206,-0.482093,0.814741,-0.322153,-0.813350,-0.552873,-0.181087),
		[144] = CFrame.new(-4.719589,-0.175501,1.802704,0.667059,-0.144740,-0.730809,0.270856,0.960936,0.056910,0.694024,-0.235907,0.680205),
		[244] = CFrame.new(3.442917,-2.704628,-6.478806,-0.669413,0.203690,0.714421,0.000012,0.961680,-0.274176,-0.742891,-0.183529,-0.643763),
		[509] = CFrame.new(17.232201,-2.314499,-10.103561,-0.362474,0.083098,0.928282,0.000036,0.996018,-0.089148,-0.931994,-0.032280,-0.361034),
		[545] = CFrame.new(17.232201,-2.314499,-10.103561,-0.362474,0.083098,0.928282,0.000036,0.996018,-0.089148,-0.931994,-0.032280,-0.361034),
		[109] = CFrame.new(-5.532440,-0.486012,0.204483,0.274236,0.180901,-0.944494,-0.370803,0.926091,0.069713,0.887299,0.331104,0.321046),
		[209] = CFrame.new(3.442917,-2.704628,-6.478806,-0.677609,0.230998,0.698202,0.008530,0.951794,-0.306619,-0.735373,-0.201812,-0.646914),
		[245] = CFrame.new(3.442917,-2.704628,-6.478806,-0.669413,0.203690,0.714421,0.000012,0.961680,-0.274176,-0.742891,-0.183529,-0.643763),
		[145] = CFrame.new(-4.742584,-0.175501,1.778946,0.669307,-0.150308,-0.727623,0.277004,0.959197,0.056658,0.689418,-0.239476,0.683633),
		[508] = CFrame.new(17.232201,-2.314499,-10.103561,-0.362474,0.083098,0.928282,0.000036,0.996018,-0.089148,-0.931994,-0.032280,-0.361034),
		[194] = CFrame.new(3.852997,-2.731876,-5.843613,-0.611016,0.228703,0.757862,0.001411,0.957671,-0.287863,-0.791617,-0.174819,-0.585474),
		[394] = CFrame.new(4.000954,0.519809,-3.760086,-0.176215,-0.121487,0.976826,-0.284310,0.956343,0.067651,-0.942399,-0.265800,-0.203062),
		[294] = CFrame.new(2.706856,5.767089,-6.825317,-0.656014,0.035685,0.753905,-0.000033,0.998880,-0.047309,-0.754749,-0.031061,-0.655279),
		[494] = CFrame.new(16.038666,-2.199898,-9.639420,-0.370142,0.083061,0.925255,0.030066,0.996544,-0.077433,-0.928489,-0.000842,-0.371360),
		[219] = CFrame.new(3.442917,-2.704628,-6.478806,-0.676779,0.172005,0.715810,-0.028568,0.965454,-0.259003,-0.735632,-0.195737,-0.648485),
		[119] = CFrame.new(-5.514465,-0.605410,0.282425,0.277768,0.178274,-0.943961,-0.372008,0.925923,0.065401,0.885695,0.332995,0.323511),
		[419] = CFrame.new(3.811218,-0.678243,-3.514252,-0.242922,0.033304,0.969474,-0.394689,0.909551,-0.130143,-0.886121,-0.414255,-0.207806),
		[195] = CFrame.new(3.784653,-2.727334,-5.949478,-0.620949,0.224620,0.750979,0.001321,0.958361,-0.285556,-0.783850,-0.176323,-0.595390),
		[295] = CFrame.new(2.688538,5.767088,-6.846344,-0.657087,0.035662,0.752971,0.000000,0.998880,-0.047309,-0.753815,-0.031086,-0.656351),
		[395] = CFrame.new(3.993370,0.471888,-3.750259,-0.178463,-0.115135,0.977188,-0.289125,0.955424,0.059768,-0.940509,-0.271863,-0.203796),
		[495] = CFrame.new(16.051102,-2.201091,-9.644257,-0.368332,0.082802,0.926000,0.029536,0.996565,-0.077363,-0.929225,-0.001145,-0.369513),
		[518] = CFrame.new(17.232201,-2.314499,-10.103561,-0.362474,0.083098,0.928282,0.000036,0.996018,-0.089148,-0.931994,-0.032280,-0.361034),
		[208] = CFrame.new(3.442917,-2.704628,-6.478806,-0.677676,0.229985,0.698471,0.006717,0.951731,-0.306859,-0.735330,-0.203260,-0.646510),
		[108] = CFrame.new(-5.535797,-0.463624,0.189865,0.267451,0.187910,-0.945071,-0.368495,0.926192,0.079874,0.890327,0.326892,0.316955),
		[408] = CFrame.new(3.894707,-0.151100,-3.622421,-0.211284,-0.033621,0.976847,-0.348593,0.936279,-0.043173,-0.913150,-0.349643,-0.209541),
		[308] = CFrame.new(-3.199020,6.381371,-7.585892,-0.845337,0.131047,-0.517912,0.137599,0.990148,0.025948,0.516210,-0.049330,-0.855040),
		[174] = CFrame.new(3.273163,-2.200725,-0.749176,0.259819,0.255116,0.931348,-0.044628,0.966613,-0.252326,-0.964625,0.023995,0.262530),
		[474] = CFrame.new(14.049446,-2.008895,-8.865845,-0.349871,0.112508,0.930017,0.023072,0.993496,-0.111508,-0.936514,-0.017556,-0.350191),
		[374] = CFrame.new(3.257660,10.631199,0.061829,0.337986,-0.642442,0.687774,0.000510,0.730905,0.682480,-0.941151,-0.230318,0.247363),
		[274] = CFrame.new(3.473419,5.955480,-5.053055,-0.359613,0.035398,0.932430,0.000040,0.999281,-0.037920,-0.933102,-0.013600,-0.359356),
		[175] = CFrame.new(3.691505,-2.351678,-1.599319,0.083291,0.275385,0.957719,-0.038697,0.961227,-0.273029,-0.995774,-0.014320,0.090718),
		[475] = CFrame.new(14.061882,-2.010088,-8.870682,-0.349303,0.111999,0.930292,0.021140,0.993520,-0.111673,-0.936771,-0.019341,-0.349408),
		[275] = CFrame.new(3.470566,5.980583,-5.063889,-0.360116,0.034239,0.932279,0.000066,0.999327,-0.036676,-0.932908,-0.013146,-0.359876),
		[375] = CFrame.new(3.325859,10.678383,0.002136,0.326298,-0.645780,0.690289,0.000543,0.730386,0.683035,-0.945267,-0.222498,0.238674),
		[184] = CFrame.new(4.536469,-2.777289,-4.784958,-0.505840,0.268658,0.819725,0.001501,0.950538,-0.310604,-0.862626,-0.155886,-0.481223),
		[484] = CFrame.new(15.044052,-2.104396,-9.252625,-0.347488,0.102813,0.932031,-0.023495,0.992704,-0.118265,-0.937390,-0.062993,-0.342537),
		[284] = CFrame.new(3.069092,5.884806,-6.088989,-0.548099,0.034333,0.835708,-0.000620,0.999140,-0.041453,-0.836413,-0.023239,-0.547607),
		[384] = CFrame.new(3.939682,11.103037,-0.535156,0.219205,-0.670982,0.708331,0.000092,0.726002,0.687693,-0.975679,-0.150680,0.159205),
		[185] = CFrame.new(4.468117,-2.772748,-4.890823,-0.516721,0.264793,0.814177,0.001640,0.951275,-0.308341,-0.856152,-0.157991,-0.491977),
		[485] = CFrame.new(15.056488,-2.105590,-9.257462,-0.347274,0.102267,0.932171,-0.022385,0.992849,-0.117263,-0.937497,-0.061589,-0.342502),
		[385] = CFrame.new(4.007881,11.150221,-0.594849,0.207140,-0.673253,0.709805,0.000000,0.725541,0.688179,-0.978311,-0.142549,0.150289),
		[285] = CFrame.new(2.991081,5.845568,-6.285339,-0.582686,0.035014,0.811943,-0.000466,0.999057,-0.043417,-0.812697,-0.025677,-0.582120),
		[53] = CFrame.new(-5.164810,0.494765,-3.592072,-0.319048,0.087142,-0.943724,-0.000307,0.995754,0.092051,0.947739,0.029659,-0.317666),
		[43] = CFrame.new(-5.275162,0.640444,-3.560715,-0.296366,0.099196,-0.949909,-0.002871,0.994495,0.104748,0.955070,0.033771,-0.294450),
		[73] = CFrame.new(-5.403870,0.114359,-2.219376,-0.160638,0.079122,-0.983837,0.001568,0.996801,0.079909,0.987012,0.011294,-0.160249),
		[63] = CFrame.new(-5.278870,0.313265,-2.937119,-0.232447,0.089847,-0.968450,0.002352,0.995773,0.091818,0.972606,0.019065,-0.231676),
		[93] = CFrame.new(-5.664825,-0.300855,-0.721054,0.021063,0.052284,-0.998410,-0.000002,0.998632,0.052295,0.999778,-0.001100,0.021034),
		[83] = CFrame.new(-5.528870,-0.084546,-1.501617,-0.068577,0.053171,-0.996228,-0.012558,0.998454,0.054154,0.997567,0.016224,-0.067803),
		[159] = CFrame.new(-5.064529,-0.175501,1.446442,0.694866,-0.229457,-0.681550,0.362495,0.930279,0.056382,0.621094,-0.286236,0.729597),
		[359] = CFrame.new(2.216179,10.047981,1.109146,0.684861,-0.492243,0.537274,0.000341,0.737547,0.675295,-0.728674,-0.462300,0.505285),
		[259] = CFrame.new(3.516205,5.578924,-4.890427,-0.351777,0.053129,0.934575,0.000075,0.998390,-0.056728,-0.936084,-0.019886,-0.351214),
		[459] = CFrame.new(7.767700,-2.185640,-5.524139,-0.271756,0.256698,0.927499,0.000595,0.963814,-0.266574,-0.962366,-0.071891,-0.262075),
		[238] = CFrame.new(3.442917,-2.704628,-6.478806,-0.669413,0.203690,0.714421,0.000012,0.961680,-0.274176,-0.742891,-0.183529,-0.643763),
		[338] = CFrame.new(-4.479034,8.162073,0.120514,0.536111,0.250059,-0.806260,0.126779,0.920433,0.369770,0.834573,-0.300455,0.461752),
		[138] = CFrame.new(-5.000610,-0.409552,1.263626,0.536304,0.014243,-0.843904,-0.008757,0.999898,0.011311,0.843979,0.001324,0.536374),
		[13] = CFrame.new(-3.531067,-0.753966,-5.948563,-0.728630,-0.025075,-0.684448,0.000040,0.999328,-0.036654,0.684907,-0.026735,-0.728140),
		[438] = CFrame.new(3.667015,-1.588762,-3.327408,-0.304550,0.142421,0.941788,-0.463454,0.841664,-0.277149,-0.832141,-0.520882,-0.190323),
		[23] = CFrame.new(-3.555588,-0.710243,-5.806503,-0.731745,-0.023978,-0.681157,0.000045,0.999379,-0.035228,0.681579,-0.025809,-0.731290),
		[42] = CFrame.new(-5.289001,0.651271,-3.542847,-0.292335,0.100313,-0.951040,-0.003172,0.994376,0.105859,0.956311,0.033963,-0.290373),
		[52] = CFrame.new(-5.152313,0.514656,-3.663849,-0.327156,0.087844,-0.940879,-0.000182,0.995664,0.093022,0.944970,0.030604,-0.325722),
		[62] = CFrame.new(-5.277313,0.315751,-2.946091,-0.233469,0.090126,-0.968179,0.003332,0.995764,0.091890,0.972359,0.018228,-0.232780),
		[72] = CFrame.new(-5.402313,0.116846,-2.228348,-0.162365,0.080244,-0.983462,0.002214,0.996715,0.080960,0.986728,0.010967,-0.162009),
		[82] = CFrame.new(-5.527313,-0.082060,-1.510590,-0.068709,0.053321,-0.996211,-0.013464,0.998430,0.054368,0.997546,0.017148,-0.067883),
		[92] = CFrame.new(-5.652328,-0.280965,-0.792831,0.013298,0.054261,-0.998438,-0.003109,0.998524,0.054224,0.999907,0.002383,0.013447),
		[229] = CFrame.new(3.442917,-2.704628,-6.478806,-0.669413,0.203690,0.714421,0.000012,0.961680,-0.274176,-0.742891,-0.183529,-0.643763),
		[329] = CFrame.new(-4.673828,6.936799,-1.883423,0.257339,0.149484,-0.954689,0.079075,0.981391,0.174980,0.963081,-0.120521,0.240730),
		[129] = CFrame.new(-5.496506,-0.724808,0.360382,0.280728,0.178479,-0.943047,-0.385963,0.920604,0.059337,0.878763,0.347324,0.327326),
		[429] = CFrame.new(3.735321,-1.157464,-3.415909,-0.274294,0.091938,0.957241,-0.432717,0.877150,-0.208239,-0.858789,-0.471333,-0.200814),
		[529] = CFrame.new(17.232201,-2.314499,-10.103561,-0.362474,0.083098,0.928282,0.000036,0.996018,-0.089148,-0.931994,-0.032280,-0.361034),
		[148] = CFrame.new(-4.811569,-0.175501,1.707703,0.675657,-0.167117,-0.718025,0.295520,0.953687,0.056116,0.675393,-0.250106,0.693751),
		[348] = CFrame.new(-1.462296,9.029646,2.171921,0.966201,0.161473,-0.200952,0.003087,0.772218,0.635350,0.257771,-0.614497,0.745619),
		[248] = CFrame.new(3.455421,-1.539194,-6.244156,-0.628618,0.187349,0.754811,-0.004945,0.969568,-0.244772,-0.777698,-0.157600,-0.608562),
		[548] = CFrame.new(17.232201,-2.314499,-10.103561,-0.362474,0.083098,0.928282,0.000036,0.996018,-0.089148,-0.931994,-0.032280,-0.361034),
		[448] = CFrame.new(3.591118,-2.067983,-3.229065,-0.340123,0.195552,0.919824,-0.493607,0.795431,-0.351627,-0.800418,-0.573628,-0.174019),
		[22] = CFrame.new(-3.552170,-0.716354,-5.826370,-0.731301,-0.024130,-0.681628,0.000039,0.999372,-0.035421,0.682055,-0.025930,-0.730841),
		[32] = CFrame.new(-4.819138,0.283633,-4.150040,-0.425372,0.063857,-0.902763,0.005045,0.997659,0.068193,0.905005,0.024453,-0.424698),
		[339] = CFrame.new(-4.451385,8.357410,0.390747,0.571868,0.261289,-0.777621,0.131435,0.906490,0.401249,0.809748,-0.331669,0.484050),
		[239] = CFrame.new(3.442917,-2.704628,-6.478806,-0.669413,0.203690,0.714421,0.000012,0.961680,-0.274176,-0.742891,-0.183529,-0.643763),
		[139] = CFrame.new(-4.990387,-0.402238,1.281952,0.541926,0.010896,-0.840356,0.000588,0.999911,0.013344,0.840426,-0.007726,0.541871),
		[539] = CFrame.new(17.232201,-2.314499,-10.103561,-0.362474,0.083098,0.928282,0.000036,0.996018,-0.089148,-0.931994,-0.032280,-0.361034),
		[439] = CFrame.new(3.659424,-1.636684,-3.317566,-0.308041,0.147931,0.939802,-0.466697,0.837318,-0.284769,-0.829039,-0.526323,-0.188890),
		[398] = CFrame.new(3.970596,0.328121,-3.720749,-0.185637,-0.096172,0.977901,-0.303329,0.952203,0.036063,-0.934629,-0.289931,-0.205936),
		[498] = CFrame.new(16.436508,-2.238098,-9.794128,-0.377209,0.103106,0.920371,0.016388,0.994371,-0.104679,-0.925983,-0.024403,-0.376775),
		[198] = CFrame.new(3.579613,-2.713711,-6.267075,-0.650358,0.212120,0.729411,0.000599,0.960364,-0.278750,-0.759628,-0.180850,-0.624707),
		[298] = CFrame.new(2.633591,5.767087,-6.909470,-0.660226,0.035554,0.750225,-0.000015,0.998878,-0.047352,-0.751067,-0.031274,-0.659485),
		[389] = CFrame.new(4.012596,5.130467,-2.414795,0.011804,-0.379876,0.924962,-0.190104,0.907303,0.375049,-0.981693,-0.180266,-0.061506),
		[489] = CFrame.new(15.454338,-2.143790,-9.412186,-0.382172,0.074155,0.921111,0.016075,0.997158,-0.073608,-0.923952,-0.013324,-0.382278),
		[189] = CFrame.new(4.194733,-2.754582,-5.314285,-0.559528,0.248970,0.790533,0.001806,0.954179,-0.299231,-0.828810,-0.166001,-0.534339),
		[289] = CFrame.new(2.798431,5.767090,-6.720108,-0.650765,0.035913,0.758429,-0.000005,0.998881,-0.047302,-0.759279,-0.030786,-0.650037),
		[328] = CFrame.new(-4.683487,6.919049,-2.010941,0.240414,0.148951,-0.959174,0.082535,0.981441,0.173096,0.967155,-0.120780,0.223658),
		[228] = CFrame.new(3.442917,-2.704628,-6.478806,-0.669413,0.203690,0.714421,0.000012,0.961680,-0.274176,-0.742891,-0.183529,-0.643763),
		[128] = CFrame.new(-5.498306,-0.712868,0.352585,0.280471,0.178417,-0.943135,-0.384511,0.921174,0.059916,0.879482,0.345841,0.326966),
		[528] = CFrame.new(17.232201,-2.314499,-10.103561,-0.362474,0.083098,0.928282,0.000036,0.996018,-0.089148,-0.931994,-0.032280,-0.361034),
		[428] = CFrame.new(3.742912,-1.109542,-3.425735,-0.271038,0.086232,0.958698,-0.429085,0.880724,-0.200526,-0.861641,-0.465713,-0.201709),
